time,x,y,z,phi,theta,psi,x_velocity,y_velocity,z_velocity,phi_velocity,theta_velocity,psi_velocity,rotor_speed1,rotor_speed2,rotor_speed3,rotor_speed4
0.06,-0.012126972885,0.00883002665711,10.0183100322,0.862532931572,0.874480917558,0.0,-0.678920122809,0.439606560658,0.378812900879,10.8098402022,10.813131081,0.0,-0.00290686135227,899.789310623,-0.250715072877,899.648534793
0.12000000000000001,-0.065544261046,0.0470835343113,10.0492223741,1.17207820308,1.20015611565,0.0,-0.576165452296,0.819470955392,0.607844499227,19.2619292229,19.2707251499,0.0,-0.189319874203,899.772322497,-0.104283284563,899.464050702
0.18,-0.111808258998,0.107841951147,10.0847716567,0.557042443391,0.60993626568,0.0,-0.441443884919,0.927826133776,0.694071258798,24.3261126094,24.3485875874,0.0,-0.110543218595,899.925030072,-0.145465004861,899.039318018
0.23999999999999996,-0.169586207784,0.170225582159,10.1287609593,3.18786757489,3.2375977009,0.0,-1.49012883001,0.846847829665,0.75087168129,26.8557712004,26.8731415405,0.0,0.240724156963,899.776992065,-0.0664697306194,899.419610299
0.3,-0.241845544599,0.229995117484,10.1886822534,5.05361642648,5.10042109085,0.0,-0.632927532976,1.19358602298,0.940329840673,27.9953235783,28.0032382426,0.0,0.452949977547,899.708554318,0.159034102316,899.6878974
0.36000000000000004,-0.248952448611,0.285298870125,10.2449344392,0.503982348698,0.550125762097,0.0,0.103919487047,0.742648572817,1.21732519338,28.4851314857,28.4872119546,0.0,0.219209552702,899.834586828,0.247166177102,899.899887733
0.4200000000000001,-0.27340328747,0.34476024399,10.3214671011,2.22479720046,2.27127938789,0.0,-1.07129462793,1.06514353045,1.09617468769,28.6839818732,28.6883296412,0.0,0.0509840359353,899.803972742,0.126042377261,899.619860851
0.48000000000000015,-0.359130683209,0.39266684163,10.3968301538,3.94893355421,3.995720573,0.0,-1.44840483373,0.768867985222,1.59083998534,28.7651097538,28.7702914908,0.0,-0.160963108216,899.747525447,0.259932896252,899.568186899
0.5400000000000001,-0.408780117047,0.450383913463,10.4867217568,5.67591297036,5.72274648076,0.0,-0.15819540163,0.875195305648,1.30980130064,28.8006760268,28.7983252978,0.0,0.0268329467745,899.4474291,0.446157185969,899.684411922
0.6000000000000002,-0.40828198864,0.492722201317,10.582504626,1.12096161553,1.16793666442,0.0,-0.17794322049,0.832141060663,1.88687589946,28.8083349905,28.8159494825,0.0,0.110836046028,899.770821014,0.533061588973,899.316845896
0.6600000000000003,-0.459238925405,0.546156881611,10.6847348067,2.84948699844,2.89704532037,0.0,-1.45919083765,0.667640591995,1.60860818531,28.8093846991,28.8220234694,0.0,-0.00442946167203,899.70953861,0.0591503535276,899.206015068
0.7200000000000003,-0.543972768744,0.585586463998,10.8012082236,4.57820272226,4.62646597266,0.0,-1.03067664069,0.887026271048,2.10285593114,28.8154955832,28.8260554672,0.0,0.000405973817684,899.791034722,0.160226532535,899.506647493
0.7800000000000004,-0.566396338967,0.632368261316,10.9164131191,0.0240173490682,0.0728844403772,0.0,0.116683526244,0.495663181909,1.97591122129,28.8183714976,28.8277269254,0.0,0.182481713207,899.791969723,0.109986893038,899.526146034
0.8400000000000004,-0.574528623419,0.670697999181,11.0515478384,1.75312499947,1.80247862784,0.0,-0.669428532504,0.874523435324,2.25057465019,28.8185953938,28.824757441,0.0,0.00812747342967,899.598563583,0.172942078079,899.47555085
0.9000000000000005,-0.649280644308,0.709004449306,11.1819399275,3.48225664033,3.53190841666,0.0,-1.56595111114,0.401896520559,2.38772987289,28.8192580723,28.8223875975,0.0,-0.0883575521135,899.537609426,0.654598474055,899.505760648
0.9600000000000005,-0.716999127196,0.747267994578,11.3335449254,5.2114343857,5.26126236899,0.0,-0.491979453225,0.782767155811,2.38389467837,28.8201830757,28.8228336205,0.0,-0.0426006270749,899.612653638,0.409209541709,899.5403258
1.0200000000000005,-0.720142641428,0.777137224307,11.4811512181,0.65749174577,0.707516742142,0.0,0.0685692987074,0.38817673098,2.77351242591,28.8214958374,28.8256878932,0.0,-0.110333220384,899.754010684,0.218721045446,899.589715219
1.0800000000000005,-0.750442657125,0.814097675154,11.6462404839,2.38695805834,2.43692154142,0.0,-1.17910618234,0.605513966475,2.55993738559,28.8285186138,28.8197154669,0.0,-0.251715351327,899.376011798,0.323202859594,899.93279706
1.1400000000000006,-0.8365470213,0.837063321708,11.8137221113,4.11684814664,4.16610347254,0.0,-1.34076757587,0.43976815849,3.10977949698,28.8356323606,28.819673748,0.0,-0.466947114865,899.50356186,0.403081066419,900.156734508
1.2000000000000006,-0.877556875037,0.871068295713,11.990884201,5.84713252916,5.89516978531,0.0,-0.0380488925461,0.396240289812,2.79942634715,28.841503939,28.8147186437,0.0,-0.318865671649,899.242130278,0.568166510206,900.313007441
1.2600000000000007,-0.876785774964,0.889614316489,12.1780117276,1.29451331667,1.34103834152,0.0,-0.28164281105,0.500045852427,3.34401182322,28.8446061215,28.8215208393,0.0,-0.255682474109,899.709699255,0.767495815055,900.349772344
1.3200000000000007,-0.934001333508,0.91772615413,12.3672702301,3.02528982598,3.07017915995,0.0,-1.50322983368,0.204854463566,3.139703631,28.8486729989,28.8149045473,0.0,-0.110369955521,899.211805554,0.915766488635,900.49759635
1.3800000000000008,-1.0144410725,0.934873894587,12.5740546472,4.75634712683,4.79909310167,0.0,-0.868468866011,0.534870176129,3.51251276501,28.8541767328,28.8157225046,0.0,-0.114980159343,899.398792969,0.770947559665,900.70047617
1.4400000000000008,-1.02928866943,0.955794848987,12.7763209633,0.204356100088,0.244888769411,0.0,0.154351202417,0.0801197050533,3.51344053225,28.8517784797,28.8172787441,0.0,-0.531232666281,899.463544746,1.04712670759,900.454414265
1.5000000000000009,-1.04127099823,0.972948591418,12.9993616973,1.93535561503,1.97395815354,0.0,-0.796145780364,0.482759585938,3.63534015977,28.8471358638,28.8186316065,0.0,-0.679450464863,899.501450658,0.885041407905,900.260848913
1.560000000000001,-1.11942420433,0.985911806619,13.2178941761,3.66601509298,3.70297968743,0.0,-1.51535416906,0.0501595697595,3.91545528445,28.8396692624,28.8144725659,0.0,-0.617546338631,899.251893364,0.801709773409,899.966519285
1.620000000000001,-1.17923511503,1.00393451808,13.4552870126,5.39626938697,5.43183147482,0.0,-0.331330541584,0.367656780585,3.76411784662,28.8341823196,28.8137758836,0.0,-0.611288023445,899.305341722,0.806435324467,899.838154323
1.680000000000001,-1.17847964875,1.01040490977,13.6908386972,0.842932286122,0.877318783671,0.0,0.0199222218453,0.0945328132299,4.24547809405,28.82509208,28.8069965172,0.0,-0.233435079238,898.961394997,0.681161579501,899.476158312
1.740000000000001,-1.21470915385,1.0270905969,13.9397038205,2.57229988547,2.60538283506,0.0,-1.26847200707,0.182514034113,3.9749521819,28.8190530202,28.7899755706,0.0,-0.0204977982354,898.207184417,0.788750863341,899.353848578
1.8000000000000012,-1.29951481102,1.02941946944,14.1951180111,4.30160458571,4.33271923939,0.0,-1.20877922689,0.185311371333,4.5251428095,28.8255034399,28.787323942,0.0,-0.0916022310501,898.43698117,0.621005148539,899.826295297
1.8600000000000012,-1.33169333948,1.04346882309,14.4546427927,6.03104741498,6.06007847816,0.0,0.0647282300488,0.0037504356148,4.23309140885,28.8217438057,28.7921642013,0.0,0.183931879223,898.750997327,0.635212112143,899.487338277
1.9200000000000013,-1.33142284711,1.04435464916,14.7275902253,1.47714228254,1.50455438871,0.0,-0.383834276222,0.250060121587,4.69115269498,28.8207129396,28.7974545249,0.0,0.31283384861,898.925866634,0.265159487899,899.514400886
1.9800000000000013,-1.39351104624,1.05271461879,14.9991674044,3.20639891491,3.23211187781,0.0,-1.50886501199,-0.126478910485,4.59555270447,28.8212901572,28.7839926816,0.0,0.262079066441,898.097762819,-0.241847787091,899.567360435
2.0400000000000014,-1.46818489479,1.05495148753,15.2898282961,4.93548684734,4.95945831709,0.0,-0.702576938553,0.280045250515,4.81365006398,28.8128360932,28.7958048793,0.0,0.39502907557,899.016189203,-0.453008096423,899.107416162
2.1000000000000014,-1.4762364779,1.05741306053,15.5738312364,0.380993757664,0.404125470124,0.0,0.17319425796,-0.17853306156,4.94217606271,28.8094924462,28.8000317023,0.0,0.59941567547,898.983168815,-0.486795556565,899.114063556
2.1600000000000015,-1.49210835162,1.0611118811,15.8776834204,2.10959625724,2.13221343645,0.0,-0.901999858476,0.200440297331,4.92686800839,28.8108574064,28.803541848,0.0,0.475023024574,899.077130844,-0.502475461669,899.258966963
2.2200000000000015,-1.57176687003,1.05733970497,16.1785691803,3.83827236712,3.86010739826,0.0,-1.43642294778,-0.144887741266,5.31341590526,28.8118816323,28.788557401,0.0,0.488786416111,898.207192529,-0.304503971313,899.28344257
2.2800000000000016,-1.62315799264,1.0628251002,16.4944051175,5.56730067329,5.58766836414,0.0,-0.181711653845,0.0767144224892,5.05224748536,28.8239952672,28.7982252823,0.0,0.496494387174,899.045081257,0.059167377646,899.902153598
2.3400000000000016,-1.61926493211,1.05494389499,16.8110867681,1.01381732132,1.03247823829,0.0,-0.0309508200645,-0.0581904515311,5.57465556785,28.8341981316,28.8023533902,0.0,0.810499848508,899.053473622,-0.10549172477,900.178996312
2.4000000000000017,-1.66047350203,1.05882614999,17.1368992218,2.7439420651,2.76052626376,0.0,-1.3259689555,-0.0979033428001,5.30244180143,28.8371802503,28.7983356933,0.0,1.06279742403,898.751009638,0.0668079292292,900.115426541
2.4600000000000017,-1.74242370798,1.04957592902,17.4729845744,4.47425817287,4.48854485201,0.0,-1.06382975038,0.0590629710568,5.79896864522,28.8406588994,28.8031226668,0.0,0.904231792068,899.091798683,-0.131285521129,900.234762544
2.520000000000002,-1.76598239778,1.05118252426,17.8081654645,6.20479869492,6.21726136326,0.0,0.150325482209,-0.235270611627,5.56662425559,28.8447592562,28.8224943462,0.0,0.918939789535,900.012873129,-0.295516502082,900.376237997
2.580000000000002,-1.76673308028,1.04293275045,18.159228918,1.65243887215,1.66364729683,0.0,-0.482832235374,0.111165084628,5.9106267146,28.8503794072,28.8312045672,0.0,0.944619702037,900.053214095,-0.26482473456,900.584545399
2.640000000000002,-1.83251727413,1.03911916161,18.5069456452,3.38331154395,3.39280741144,0.0,-1.48446262173,-0.302928284287,5.9388818519,28.8437801502,28.7870016774,0.0,1.13500532769,897.522853834,-0.232003733823,900.113701025
2.700000000000002,-1.90005792721,1.03442727502,18.8736130472,5.11385291605,5.12068482851,0.0,-0.525952332465,0.129341490961,5.99352435562,28.8401068386,28.8104506008,0.0,0.320589883383,899.725841115,-0.635574022477,900.062663225
2.760000000000002,-1.90155729307,1.02613554892,19.232985055,0.560907965702,0.566379944355,0.0,0.181853503112,-0.287017836173,6.24426462785,28.8327629286,28.8203317028,0.0,0.508098302757,899.739400615,-0.500423011357,899.753695147
2.820000000000002,-1.92148887437,1.0236936953,19.6100167742,2.2907729993,2.29578234634,0.0,-0.996912193082,0.0231876263796,6.11747257464,28.8284087955,28.8275792708,0.0,0.634901371436,899.908365516,-0.451910989839,899.682608233
2.880000000000002,-2.00113900946,1.01132594451,19.9868855838,4.0203167489,4.02504344176,0.0,-1.32685152853,-0.19302229983,6.57801512972,28.8213112897,28.8083967902,0.0,0.335932015625,898.735586546,-0.199258456085,899.401393662
2.940000000000002,-2.0429715151,1.01137158466,20.3735412069,5.7494921252,5.75421874856,0.0,-0.0315041899765,-0.101956595494,6.24491814362,28.8168423144,28.8322828757,0.0,0.0220630773141,900.416063339,-0.172877514602,899.318943868
3.000000000000002,-2.03669155223,0.997502834655,20.7643714583,1.19529117743,1.20126899612,0.0,-0.0995742590613,-0.0785678141409,6.76103663363,28.8157380561,28.8437956681,0.0,-0.149154484307,900.506822996,-0.27131791674,899.357567746
3.0600000000000023,-2.08226126506,0.99520181823,21.1599167587,2.92435153721,2.93852995648,0.0,-1.3372649421,-0.253061703608,6.53083326208,28.8204318371,28.570469748,0.0,1.11858806195,885.69561332,-0.203390508013,899.629933249
3.1200000000000023,-2.15787235676,0.982274626716,21.5687972326,4.65357866775,4.65882431412,0.0,-0.859295221307,0.0395671800193,6.91774862476,28.8204828704,28.7002770203,0.0,-0.238142392519,898.615658696,-0.308193123061,899.530761086
3.1800000000000024,-2.17053430917,0.977475082929,21.9720662363,0.0996497601024,0.100485879063,0.0,0.251715302475,-0.345260654644,6.77940689897,28.8216207627,28.776218225,0.0,-0.27067581843,899.800885096,-0.198007147311,899.589839705
3.2400000000000024,-2.17125487835,0.96689890343,22.3924701172,1.82903614064,1.82750186428,0.0,-0.553738970415,0.0548647994595,6.98614888055,28.82525247,28.7927387572,0.0,0.582075061987,899.02292373,0.147901450113,899.757288545
3.3000000000000025,-2.23713951076,0.95718964897,22.8085424104,3.55864203148,3.56731513832,0.0,-1.37816484206,-0.34824645098,7.12811205245,28.8289479106,28.4526761678,0.0,1.95207385785,880.490360306,0.00332191293968,899.873993832
3.3600000000000025,-2.29290261182,0.95165995012,23.2409652688,5.28851301,5.28274282665,0.0,-0.287872375641,0.0497389306562,7.01876822754,28.8343432288,28.6119752617,0.0,0.30371185748,896.522835902,-0.295036414842,900.079284431
